[Camera]
fps = 119
RecordResolution = (2048, 1536)

[Other]
ks = [[838.2709127964056, 0.0, 1021.8024823063257], [0.0, 833.8431415571824, 750.7046583633463], [0.0, 0.0, 1.0]]
poses = [[-0.07253308549455051, 0.855095548893984, -0.5133717500703909], [0.48432169477522974, 0.5486445367523443, 0.681484899511247], [0.8643933102096419, -0.1992068735643231, -0.45393620652546574]]
eye = [[2.093633237063272, -5.856081865448621, 4.463985175264384]]
hmtx = [[-0.002416541167984653, 0.0036571087153565284, -1.2900876149731362], [0.006883601352673773, 0.0008658924422148327, -7.292885514786121], [-0.0007767192593545697, 0.0001799814449883487, 1.0]]
dist = [[-0.21328747243200033, 0.0467554742257117, -0.00019014175815522093, 0.0007293213381563766, -0.004791479644180919]]
newcameramtx = [[837.861572265625, 0.0, 1021.3035007302824], [0.0, 833.30029296875, 750.2159542101144], [0.0, 0.0, 1.0]]
projection_mat = [[-584.5912012534642, 1100.0013708826718, 439.68503182280335, 8257.705964920477], [204.068337946567, 994.9042187897727, -475.1158016362046, 8006.895807788184], [-0.6082761883735657, 0.7298681735992432, -0.3119174540042877, 8.480276107788086]]
extrinsic_mat = [[0.04373443126678467, 0.42320170998573303, 0.9049793481826782, -0.4812605381011963], [0.7925196290016174, 0.5368358492851257, -0.2893438935279846, 1.9739071130752563], [-0.6082761883735657, 0.7298681735992432, -0.3119174540042877, 8.480276107788086]]

