[Camera]
Brightness = 90
ExposureAuto = Off
ExposureTimeAbs = 5
GainAuto = Off
Gain = 200
BalanceWhiteAuto = Off
BalanceRatioRed = 80
BalanceRatioBlue = 157
fps = 119
RecordResolution = (2048, 1536)

[Other]
cornerValue = 8
blockValue = 14
ks = [[838.2709127964056, 0.0, 1021.8024823063257], [0.0, 833.8431415571824, 750.7046583633463], [0.0, 0.0, 1.0]]
poses = [[0.10853749930699741, 0.9098786727638246, -0.4004252890287079], [0.40347381064384846, -0.4710245399724391, -0.7844391415962644], [-0.9023545825776809, -0.07642005445519107, -0.418236041004425]]
eye = [[1.6501826416601844, 5.278325303647857, 4.430608638861156]]
hmtx = [[-0.004868108893169234, -0.006376067664329507, 10.847678593553125], [-0.011815614930509206, 0.002314005722515486, 12.029467420635406], [-0.0014350437586758446, -0.00012219853424381364, 1.0]]
dist = [[-0.21328747243200033, 0.0467554742257117, -0.00019014175815522093, 0.0007293213381563766, -0.004791479644180919]]
newcameramtx = [[837.861572265625, 0.0, 1021.3035007302824], [0.0, 833.30029296875, 750.2159542101144], [0.0, 0.0, 1.0]]
projection_mat = [[-421.00210640218967, -523.3718061398591, -1137.5025256228253, 10064.27448693046], [380.42966702467845, -992.17564363343, -357.8744630267642, 7259.283579959698], [-0.47011733055114746, -0.809670090675354, -0.35131755471229553, 8.899273872375488]]
extrinsic_mat = [[0.07057295739650726, 0.36228787899017334, -0.9293906092643738, 1.1641719341278076], [0.8797779083251953, -0.4617161750793457, -0.11317700147628784, 0.6995153427124023], [-0.47011733055114746, -0.809670090675354, -0.35131755471229553, 8.899273872375488]]

